# Table of a(n), 1..120
# b395725.txt generated with jOEIS by Sean A. Irvine at 2026-05-11 17:10:03 
1 1
2 1
3 1
4 2
5 2
6 2
7 6
8 6
9 6
10 5
11 23
12 23
13 23
14 20
15 14
16 103
17 103
18 103
19 92
20 70
21 42
22 513
23 513
24 513
25 466
26 373
27 252
28 132
29 2762
30 2762
31 2762
32 2537
33 2097
34 1520
35 924
36 429
37 15793
38 15793
39 15793
40 14619
41 12348
42 9362
43 6206
44 3432
45 1430
46 94776
47 94776
48 94776
49 88226
50 75674
51 59168
52 41470
53 25352
54 12870
55 4862
56 591950
57 591950
58 591950
59 553399
60 480099
61 383805
62 279602
63 182388
64 103553
65 48620
66 16796
67 3824112
68 3824112
69 3824112
70 3587076
71 3139274
72 2551801
73 1912204
74 1305358
75 797069
76 422792
77 184756
78 58786
79 25431452
80 25431452
81 25431452
82 23919834
83 21079154
84 17357504
85 13288628
86 9380910
87 6030248
88 3463778
89 1725202
90 705432
91 208012
92 173453058
93 173453058
94 173453058
95 163509478
96 144904277
97 120558057
98 93858456
99 67983144
100 45405956
101 27601442
102 14977426
103 7035176
104 2704156
105 742900
106 1209639642
107 1209639642
108 1209639642
109 1142454317
110 1017200387
111 853457567
112 673455207
113 497784258
114 342443236
115 217201109
116 125314318
117 64475868
118 28669778
119 10400600
120 2674440


